[dm1]
 6.10000000000000E+0002
[dm1overdmz]
 7.50000000000000E-0001
[CurveAdjParam]
 3.00000000000000E-0002
[DivisionNum]
6
[AlphaPre]
 8.00000000000000E-0002
[KaPre]
 1.60000000000000E-0001
[XaRange]
 4.90000000000000E-0001
[ZPre]
7
[StrGridEhtPre2]
8
6
Order
dm
xa
(¦¤ht)
¦¤H
¦¤ht
1
610.00
0.489
104.52
-56.66
96.43
2
632.03
0.484
114.54

106.44
3
658.80
0.489
121.91

113.82
4
690.32
0.484
136.64

128.54
5
726.58
0.493
145.89

137.80
6
767.58
0.486
167.55

159.46
7
813.33
0.491
184.31

176.21
