[Z]
7
[StrGridPSManualInput]
11
9
Item
Unit
1
2
3
4
5
6
7
¦¸m
-
0.143
0.206
0.227
0.374
0.416
0.458
0.479
¦Á1
¡ã
12.425
12.775
12.775
13.3
13.3
13.825
13.825
e
-
0.3
0.3
0.475
0.545
0.615
1
1
¦¤
mm
2
2
2
2
2
2
2
dp
mm
180
180
180
180
180
180
180
¦Äp
mm
0.25
0.25
0.25
0.25
0.25
0.25
0.25
zp
-
15
15
15
15
15
15
15
¦Äz
mm
1.5
1.5
1.5
1.5
1.5
1.5
1.5
¦¤S
mm
0.3
0.3
0.3
0.3
0.3
0.3
0.3
Zm
-
4
4
4
4
4
4
4
[StrGridPSAutoOutput]
2
9
Item
Unit
1
2
3
4
5
6
7
Miu
-
0
0
0
0
0
0
0
